0x080133EF91C4403
0x080540DF84D2001
0x080945A06DD0808
0x080D3A90DDC5017
0x08115E10B2EA412
0x0819381038AABF8
0x081D5AE059CFBFC
0x082149A1D9BD430
0x0825B6E3C53C04D
0x0829B603EC3B052
0x082DDC72503302A
0
0
0
0
0
0
0
0
0
0
0
0
0
0
0
0
0
0
0
0
0
0
0
0
0
0
0
0
0
0
0
0
0
0
0
0
0
0
0
0
0
0
0
0
0
0
0
0
0
0
0
0
0
0
0
0
0
0
0
0
0
0
0
0
0
0
0
0
0
0
0
0
0
0
0
0
0
0
0
0
0
0
0
0
0
0
0
0
0
0
0
0
0
0
0
0
0
0
0
0
0
0
0
0
0
0
0
0
0
0
0
0
0
0
0
0
0
0x080139D27FD6828
0x08053B831FD883E
0x080D389D5EA9FE2
0x08118610BBF1010
0x0815900C59FCBAB
0x0819AA5E0E107D3
0x081D671BD4A7FB3
0x0821A0FCF4E67D5
0x08259A4CF4DEFD5
0x0829B04CDC07BCF
0x082DA96CDCFFBCF
0
0
0
0
0
0
0
0
0
0
0
0
0
0
0
0
0
0
0
0
0
0
0
0
0
0
0
0
0
0
0
0
0
0
0
0
0
0
0
0
0
0
0
0
0
0
0
0
0
0
0
0
0
0
0
0
0
0
0
0
0
0
0
0
0
0
0
0
0
0
0
0
0
0
0
0
0
0
0
0
0
0
0
0
0
0
0
0
0
0
0
0
0
0
0
0
0
0
0
0
0
0
0
0
0
0
0
0
0
0
0
0
0
0
0
0
0
