0x0408B74E14F57DF
0x040CB74E12F57DE
0x0410D28F3807FF2
0x0414C501CDFC82D
0x0418C23177F6C17
0x041CE706530947C
0x0424ACC901B0B7D
0x0428AD1901B137E
0x042CE7F168FCC0D
0x0434E67226FB427
0x043CFD29EB04B9C
0x0440DA4A45F2385
0x0448CEDC9BD7BC5
0x0454E8114FD0C26
0x0458E90142D2C22
0x045CFED0A3FE7FA
0x0460CFD1A5CC81D
0x0464F2394FEFF77
0x0468BE3ADCB9BAC
0
0
0
0
0
0
0
0
0
0
0
0
0
0
0
0
0
0
0
0
0
0
0
0
0
0
0
0
0
0
0
0
0
0
0
0
0
0
0
0
0
0
0
0
0
0
0
0
0
0
0
0
0
0
0
0
0
0
0
0
0
0
0
0
0
0
0
0
0
0
0
0
0
0
0
0
0
0
0
0
0
0
0
0
0
0
0
0
0
0
0
0
0
0
0
0
0
0
0
0
0
0
0
0
0
0
0
0
0
0x0400E29F4C19FF6
0x0404E2DF2A1A3ED
0x0408BCC143DB028
0x040CD640EF0E414
0x0410CDC0D9FD40E
0x0414D470D90A80E
0x0418B8EE26E3FE5
0x041CB80E22E23E4
0x0420E40F2E1CBEE
0x0424FBDF9734800
0x0428FC1F72353F7
0x042CFB6F7133BF6
0x0430D15F3AE27E9
0
0
0
0
0
0
0
0
0
0
0
0
0
0
0
0
0
0
0
0
0
0
0
0
0
0
0
0
0
0
0
0
0
0
0
0
0
0
0
0
0
0
0
0
0
0
0
0
0
0
0
0
0
0
0
0
0
0
0
0
0
0
0
0
0
0
0
0
0
0
0
0
0
0
0
0
0
0
0
0
0
0
0
0
0
0
0
0
0
0
0
0
0
0
0
0
0
0
0
0
0
0
0
0
0
0
0
0
0
0
0
0
0
0
0
