0x06010661D406423
0x06050661DA06424
0x0609052223CA026
0x060D39732C01449
0x061105A222CB026
0x06151B21DCF4C15
0x06194BF3032AC3E
0x061D4BA2EF2A038
0x062954406BF93FA
0x062D74013E1B417
0x063172F1671A01C
0
0
0
0
0
0
0
0
0
0
0
0
0
0
0
0
0
0
0
0
0
0
0
0
0
0
0
0
0
0
0
0
0
0
0
0
0
0
0
0
0
0
0
0
0
0
0
0
0
0
0
0
0
0
0
0
0
0
0
0
0
0
0
0
0
0
0
0
0
0
0
0
0
0
0
0
0
0
0
0
0
0
0
0
0
0
0
0
0
0
0
0
0
0
0
0
0
0
0
0
0
0
0
0
0
0
0
0
0
0
0
0
0
0
0
0
0
0x06013DFC0A317BD
0x060D607D36333CB
0x06115E2D272EBC7
0x061531EDABEB7C7
0x061D63313F2300C
0x062149B2320802C
0x06255962EB18C45
0x062938A26DD4024
0x062D3A931FD643E
0
0
0
0
0
0
0
0
0
0
0
0
0
0
0
0
0
0
0
0
0
0
0
0
0
0
0
0
0
0
0
0
0
0
0
0
0
0
0
0
0
0
0
0
0
0
0
0
0
0
0
0
0
0
0
0
0
0
0
0
0
0
0
0
0
0
0
0
0
0
0
0
0
0
0
0
0
0
0
0
0
0
0
0
0
0
0
0
0
0
0
0
0
0
0
0
0
0
0
0
0
0
0
0
0
0
0
0
0
0
0
0
0
0
0
0
0
0
0
