0x0A01DC324F32C2A
0x0A05DAC44F34842
0x0A19BC8CE1C6BC6
0x0A1DC9DC80E03AF
0x0A25E3A2AE0303E
0x0A39EE8D9B047D2
0x0A3DFBDED5FF7E1
0
0
0
0
0
0
0
0
0
0
0
0
0
0
0
0
0
0
0
0
0
0
0
0
0
0
0
0
0
0
0
0
0
0
0
0
0
0
0
0
0
0
0
0
0
0
0
0
0
0
0
0
0
0
0
0
0
0
0
0
0
0
0
0
0
0
0
0
0
0
0
0
0
0
0
0
0
0
0
0
0
0
0
0
0
0
0
0
0
0
0
0
0
0
0
0
0
0
0
0
0
0
0
0
0
0
0
0
0
0
0
0
0
0
0
0
0
0
0
0
0
0x0A01D3ACAF1CFD0
0x0A05E07CCA2ABD4
0x0A09D73C8023FC5
0x0A0DE49CA032FC9
0x0A11ECFC5F4DBBD
0x0A15B6201AF27F6
0x0A19CDFD4AF53C3
0x0A1DB3E0E0BF40F
0x0A21BCAD50D1FC5
0
0
0
0
0
0
0
0
0
0
0
0
0
0
0
0
0
0
0
0
0
0
0
0
0
0
0
0
0
0
0
0
0
0
0
0
0
0
0
0
0
0
0
0
0
0
0
0
0
0
0
0
0
0
0
0
0
0
0
0
0
0
0
0
0
0
0
0
0
0
0
0
0
0
0
0
0
0
0
0
0
0
0
0
0
0
0
0
0
0
0
0
0
0
0
0
0
0
0
0
0
0
0
0
0
0
0
0
0
0
0
0
0
0
0
0
0
0
0
