0x12132F960629866
0x1217223F0AE07E5
0x121B2D2175E2017
0x121F25AE07DE7E4
0x1223259E05DE3E3
0x12274645DBF8479
0x122B4A55D9FCC79
0x122F34F5DDE4C79
0x123331B5EFD087E
0x12373405EFD307E
0x123B2845EBC687D
0
0
0
0
0
0
0
0
0
0
0
0
0
0
0
0
0
0
0
0
0
0
0
0
0
0
0
0
0
0
0
0
0
0
0
0
0
0
0
0
0
0
0
0
0
0
0
0
0
0
0
0
0
0
0
0
0
0
0
0
0
0
0
0
0
0
0
0
0
0
0
0
0
0
0
0
0
0
0
0
0
0
0
0
0
0
0
0
0
0
0
0
0
0
0
0
0
0
0
0
0
0
0
0
0
0
0
0
0
0
0
0
0
0
0
0
0
0x1207090F20F67DF
0x121303006400BFC
0x121B03B1AF01425
0x122712619D01423
0x122F2871F91742E
0x123312A13301C09
0x123B28619517015
0x125314D1D9EF826
0x12631761CEF4C23
0x12671621CEF2023
0x126B21027CFBC3B
0x126F23C26F01038
0x127322626FFE438
0x12771EDC77C83AF
0x127B3165E9DA06F
0x127F39C5E2EC86D
0x128312E277A6C25
0x12873315E7DDC6F
0x128B606EBF08FF7
0
0
0
0
0
0
0
0
0
0
0
0
0
0
0
0
0
0
0
0
0
0
0
0
0
0
0
0
0
0
0
0
0
0
0
0
0
0
0
0
0
0
0
0
0
0
0
0
0
0
0
0
0
0
0
0
0
0
0
0
0
0
0
0
0
0
0
0
0
0
0
0
0
0
0
0
0
0
0
0
0
0
0
0
0
0
0
0
0
0
0
0
0
0
0
0
0
0
0
0
0
0
0
0
0
0
0
0
0
