0x15E3
0x1643
0x1706
0
0
0
0
0
0
0
0
0
0
0
0
0
0x18B2
0
0
0
0
0
0
0
0
0
0
0
0
0
0
0
0x00B7
0x1AB0
0x1B81
0x1C53
0x1C93
0x1D63
0x1E66
0
0
0
0
0
0
0
0
0
0x01F0
0x0250
0
0
0
0
0
0
0
0
0
0
0
0
0
0
0
0
0
0
0
0
0
0
0
0
0
0
0
0
0
0
0x0830
0x0911
0x0C66
0x0CB6
0
0
0
0
0
0
0
0
0
0
0
0
0x0FB5
0x1015
0x1207
0
0
0
0
0
0
0
0
0
0
0
0
0
0x12B0
0
0
0
0
0
0
0
0
0
0
0
0
0
0
0
0x1D06
0x1D95
0
0
0
0
0
0
0
0
0
0
0
0
0
0
0x1E60
0
0
0
0
0
0
0
0
0
0
0
0
0
0
0
0
0
0
0
0
0
0
0
0
0
0
0
0
0
0
0
0x03E4
0
0
0
0
0
0
0
0
0
0
0
0
0
0
0
0x0AE2
0
0
0
0
0
0
0
0
0
0
0
0
0
0
0
0x1020
0x1515
0
0
0
0
0
0
0
0
0
0
0
0
0
0
0x18B3
0
0
0
0
0
0
0
0
0
0
0
0
0
0
0
0
0
0
0
0
0
0
0
0
0
0
0
0
0
0
0
