0
0
0
0
0
0
0
0
0
0
0
0
0
0
0
0
0
0
0
0
0
0
0
0
0
0
0
0
0
0
0
0
0x15F2
0
0
0
0
0
0
0
0
0
0
0
0
0
0
0
0
0
0
0
0
0
0
0
0
0
0
0
0
0
0
0
0x0061
0
0
0
0
0
0
0
0
0
0
0
0
0
0
0
0x0477
0
0
0
0
0
0
0
0
0
0
0
0
0
0
0
0
0
0
0
0
0
0
0
0
0
0
0
0
0
0
0
0
0
0
0
0
0
0
0
0
0
0
0
0
0
0
0
0x20B5
0
0
0
0
0
0
0
0
0
0
0
0
0
0
0
0x2234
0
0
0
0
0
0
0
0
0
0
0
0
0
0
0
0x24D0
0
0
0
0
0
0
0
0
0
0
0
0
0
0
0
0x0050
0x0167
0x01D7
0
0
0
0
0
0
0
0
0
0
0
0
0
0x0456
0x04E6
0x0517
0x05D7
0x0617
0
0
0
0
0
0
0
0
0
0
0
0x08B7
0
0
0
0
0
0
0
0
0
0
0
0
0
0
0
0
0
0
0
0
0
0
0
0
0
0
0
0
0
0
0
0
0
0
0
0
0
0
0
0
0
0
0
0
0
0
0
