0x1480
0x1523
0x15E3
0x1643
0x1706
0
0
0
0
0
0
0
0
0
0
0
0x18B2
0
0
0
0
0
0
0
0
0
0
0
0
0
0
0
0x0047
0x00B7
0
0
0
0
0
0
0
0
0
0
0
0
0
0
0x01F0
0x0250
0
0
0
0
0
0
0
0
0
0
0
0
0
0
0x0674
0x0716
0
0
0
0
0
0
0
0
0
0
0
0
0
0
0x0830
0x0A14
0
0
0
0
0
0
0
0
0
0
0
0
0
0
0x0D23
0x0DA5
0x0E25
0x0F35
0x1117
0
0
0
0
0
0
0
0
0
0
0
0x1342
0
0
0
0
0
0
0
0
0
0
0
0
0
0
0
0x1D06
0
0
0
0
0
0
0
0
0
0
0
0
0
0
0
0x1E60
0
0
0
0
0
0
0
0
0
0
0
0
0
0
0
0x0027
0
0
0
0
0
0
0
0
0
0
0
0
0
0
0
0x03E4
0
0
0
0
0
0
0
0
0
0
0
0
0
0
0
0x0AE2
0
0
0
0
0
0
0
0
0
0
0
0
0
0
0
0x1020
0x1181
0x1515
0
0
0
0
0
0
0
0
0
0
0
0
0
0x17B1
0x1A17
0
0
0
0
0
0
0
0
0
0
0
0
0
0
0
0
0
0
0
0
0
0
0
0
0
0
0
0
0
0
