0x1040
0x1245
0
0
0
0
0
0
0
0
0
0
0
0
0
0
0x1316
0
0
0
0
0
0
0
0
0
0
0
0
0
0
0
0x1581
0
0
0
0
0
0
0
0
0
0
0
0
0
0
0
0x0B45
0
0
0
0
0
0
0
0
0
0
0
0
0
0
0
0x0F64
0x0F86
0
0
0
0
0
0
0
0
0
0
0
0
0
0
0x0093
0x0115
0
0
0
0
0
0
0
0
0
0
0
0
0
0
0x04E0
0x0551
0
0
0
0
0
0
0
0
0
0
0
0
0
0
0x0742
0
0
0
0
0
0
0
0
0
0
0
0
0
0
0
0x18E3
0x1AD5
0
0
0
0
0
0
0
0
0
0
0
0
0
0
0x1B60
0
0
0
0
0
0
0
0
0
0
0
0
0
0
0
0x1377
0x1F35
0
0
0
0
0
0
0
0
0
0
0
0
0
0
0x03B3
0x1537
0
0
0
0
0
0
0
0
0
0
0
0
0
0
0x0420
0x0613
0
0
0
0
0
0
0
0
0
0
0
0
0
0
0x0790
0x08F2
0x0943
0
0
0
0
0
0
0
0
0
0
0
0
0
0x0F37
0
0
0
0
0
0
0
0
0
0
0
0
0
0
0
0x1104
0
0
0
0
0
0
0
0
0
0
0
0
0
0
0
