0x1040
0x1245
0
0
0
0
0
0
0
0
0
0
0
0
0
0
0x1316
0x1417
0
0
0
0
0
0
0
0
0
0
0
0
0
0
0x14F1
0x1616
0
0
0
0
0
0
0
0
0
0
0
0
0
0
0x0B45
0
0
0
0
0
0
0
0
0
0
0
0
0
0
0
0x0E10
0x0F64
0
0
0
0
0
0
0
0
0
0
0
0
0
0
0x0093
0x0306
0
0
0
0
0
0
0
0
0
0
0
0
0
0
0
0
0
0
0
0
0
0
0
0
0
0
0
0
0
0
0
0
0
0
0
0
0
0
0
0
0
0
0
0
0
0
0x18E3
0
0
0
0
0
0
0
0
0
0
0
0
0
0
0
0x1C52
0
0
0
0
0
0
0
0
0
0
0
0
0
0
0
0x1377
0
0
0
0
0
0
0
0
0
0
0
0
0
0
0
0x1461
0x1537
0
0
0
0
0
0
0
0
0
0
0
0
0
0
0
0
0
0
0
0
0
0
0
0
0
0
0
0
0
0
0x08F2
0
0
0
0
0
0
0
0
0
0
0
0
0
0
0
0
0
0
0
0
0
0
0
0
0
0
0
0
0
0
0
0x1104
0
0
0
0
0
0
0
0
0
0
0
0
0
0
0
