0x11E5
0
0
0
0
0
0
0
0
0
0
0
0
0
0
0
0
0
0
0
0
0
0
0
0
0
0
0
0
0
0
0
0x0927
0
0
0
0
0
0
0
0
0
0
0
0
0
0
0
0x0981
0x0A93
0x0C16
0x0D97
0
0
0
0
0
0
0
0
0
0
0
0
0x0EB2
0
0
0
0
0
0
0
0
0
0
0
0
0
0
0
0x0386
0x0426
0
0
0
0
0
0
0
0
0
0
0
0
0
0
0
0
0
0
0
0
0
0
0
0
0
0
0
0
0
0
0x07E4
0
0
0
0
0
0
0
0
0
0
0
0
0
0
0
0
0
0
0
0
0
0
0
0
0
0
0
0
0
0
0
0
0
0
0
0
0
0
0
0
0
0
0
0
0
0
0
0x1EB6
0
0
0
0
0
0
0
0
0
0
0
0
0
0
0
0
0
0
0
0
0
0
0
0
0
0
0
0
0
0
0
0x1671
0x1732
0x17B4
0
0
0
0
0
0
0
0
0
0
0
0
0
0x0821
0x0986
0x0A87
0x1860
0
0
0
0
0
0
0
0
0
0
0
0
0x0CD3
0x0DD5
0
0
0
0
0
0
0
0
0
0
0
0
0
0
0x0ED0
0x1052
0x11D5
0
0
0
0
0
0
0
0
0
0
0
0
0
