0x1685
0
0
0
0
0
0
0
0
0
0
0
0
0
0
0
0x1A26
0
0
0
0
0
0
0
0
0
0
0
0
0
0
0
0
0
0
0
0
0
0
0
0
0
0
0
0
0
0
0
0x0110
0x0282
0x0352
0x03A3
0
0
0
0
0
0
0
0
0
0
0
0
0x06B6
0
0
0
0
0
0
0
0
0
0
0
0
0
0
0
0
0
0
0
0
0
0
0
0
0
0
0
0
0
0
0
0x0EB5
0
0
0
0
0
0
0
0
0
0
0
0
0
0
0
0
0
0
0
0
0
0
0
0
0
0
0
0
0
0
0
0x1B93
0x1C95
0
0
0
0
0
0
0
0
0
0
0
0
0
0
0x1ED4
0
0
0
0
0
0
0
0
0
0
0
0
0
0
0
0x2010
0x2082
0x2365
0x23D5
0
0
0
0
0
0
0
0
0
0
0
0
0x00C1
0x0232
0x06B6
0x0726
0
0
0
0
0
0
0
0
0
0
0
0
0x0790
0x0840
0x08A0
0x09F1
0x0A62
0x0B52
0x0C54
0x0CC4
0x0D04
0x0DE4
0x0EC4
0x0F25
0
0
0
0
0x1140
0x1212
0x1312
0x14E4
0x1637
0
0
0
0
0
0
0
0
0
0
0
0x16F0
0
0
0
0
0
0
0
0
0
0
0
0
0
0
0
0
0
0
0
0
0
0
0
0
0
0
0
0
0
0
0
