0
0
0
0
0
0
0
0
0
0
0
0
0
0
0
0
0x1872
0
0
0
0
0
0
0
0
0
0
0
0
0
0
0
0
0
0
0
0
0
0
0
0
0
0
0
0
0
0
0
0x0110
0x0282
0
0
0
0
0
0
0
0
0
0
0
0
0
0
0x0551
0x0592
0
0
0
0
0
0
0
0
0
0
0
0
0
0
0
0
0
0
0
0
0
0
0
0
0
0
0
0
0
0
0x0EB5
0
0
0
0
0
0
0
0
0
0
0
0
0
0
0
0x13E2
0
0
0
0
0
0
0
0
0
0
0
0
0
0
0
0x1B33
0x1B93
0x1C35
0
0
0
0
0
0
0
0
0
0
0
0
0
0x1FE7
0
0
0
0
0
0
0
0
0
0
0
0
0
0
0
0x2010
0x2082
0
0
0
0
0
0
0
0
0
0
0
0
0
0
0x00C1
0x0171
0x0232
0x0293
0x0364
0x0445
0x0566
0x05C6
0x0616
0x06B6
0
0
0
0
0
0
0x0960
0x09F1
0x0BE4
0x0FB7
0
0
0
0
0
0
0
0
0
0
0
0
0x1080
0x13F2
0x1402
0
0
0
0
0
0
0
0
0
0
0
0
0
0
0
0
0
0
0
0
0
0
0
0
0
0
0
0
0
0
0
0
0
0
0
0
0
0
0
0
0
0
0
0
0
