0
0
0
0
0
0
0
0
0
0
0
0
0
0
0
0
0
0
0
0
0
0
0
0
0
0
0
0
0
0
0
0
0
0
0
0
0
0
0
0
0
0
0
0
0
0
0
0
0x0253
0x0283
0x0AD2
0
0
0
0
0
0
0
0
0
0
0
0
0
0x0D61
0x0DB2
0
0
0
0
0
0
0
0
0
0
0
0
0
0
0
0
0
0
0
0
0
0
0
0
0
0
0
0
0
0
0
0
0
0
0
0
0
0
0
0
0
0
0
0
0
0
0x0960
0x09E4
0x0A57
0
0
0
0
0
0
0
0
0
0
0
0
0
0x2177
0
0
0
0
0
0
0
0
0
0
0
0
0
0
0
0x22F4
0x2354
0x2426
0x2587
0x2677
0
0
0
0
0
0
0
0
0
0
0
0x0D97
0x0E57
0x26E1
0x2723
0
0
0
0
0
0
0
0
0
0
0
0
0x06E0
0x0744
0x0795
0x1122
0x11E3
0x1294
0x16D6
0x1757
0x1817
0
0
0
0
0
0
0
0x1A10
0x1BC1
0x1E65
0
0
0
0
0
0
0
0
0
0
0
0
0
0
0
0
0
0
0
0
0
0
0
0
0
0
0
0
0
0
0
0
0
0
0
0
0
0
0
0
0
0
0
0
0
0
0
0
0
0
0
0
0
0
0
0
0
0
0
0
0
