0x1090
0
0
0
0
0
0
0
0
0
0
0
0
0
0
0
0
0
0
0
0
0
0
0
0
0
0
0
0
0
0
0
0
0
0
0
0
0
0
0
0
0
0
0
0
0
0
0
0
0
0
0
0
0
0
0
0
0
0
0
0
0
0
0
0
0
0
0
0
0
0
0
0
0
0
0
0
0
0
0
0
0
0
0
0
0
0
0
0
0
0
0
0
0
0
0
0x06E7
0
0
0
0
0
0
0
0
0
0
0
0
0
0
0
0x0854
0
0
0
0
0
0
0
0
0
0
0
0
0
0
0
0x1A43
0
0
0
0
0
0
0
0
0
0
0
0
0
0
0
0
0
0
0
0
0
0
0
0
0
0
0
0
0
0
0
0x1E30
0
0
0
0
0
0
0
0
0
0
0
0
0
0
0
0x0100
0x0190
0x0323
0
0
0
0
0
0
0
0
0
0
0
0
0
0x0482
0x0542
0x06C5
0
0
0
0
0
0
0
0
0
0
0
0
0
0x0760
0x0B37
0
0
0
0
0
0
0
0
0
0
0
0
0
0
0
0
0
0
0
0
0
0
0
0
0
0
0
0
0
0
0x10D2
0
0
0
0
0
0
0
0
0
0
0
0
0
0
0
