0x1280
0
0
0
0
0
0
0
0
0
0
0
0
0
0
0
0x14E2
0
0
0
0
0
0
0
0
0
0
0
0
0
0
0
0x1876
0
0
0
0
0
0
0
0
0
0
0
0
0
0
0
0
0
0
0
0
0
0
0
0
0
0
0
0
0
0
0
0x00A5
0x0115
0x0195
0x0EE5
0
0
0
0
0
0
0
0
0
0
0
0
0x0341
0
0
0
0
0
0
0
0
0
0
0
0
0
0
0
0x06D3
0x0753
0
0
0
0
0
0
0
0
0
0
0
0
0
0
0
0
0
0
0
0
0
0
0
0
0
0
0
0
0
0
0
0
0
0
0
0
0
0
0
0
0
0
0
0
0
0
0
0
0
0
0
0
0
0
0
0
0
0
0
0
0
0
0x2836
0
0
0
0
0
0
0
0
0
0
0
0
0
0
0
0x00D2
0x0F60
0x0F90
0
0
0
0
0
0
0
0
0
0
0
0
0
0x0210
0x02A1
0x0343
0x03A3
0x1B41
0x1D52
0x1EB6
0
0
0
0
0
0
0
0
0
0
0
0
0
0
0
0
0
0
0
0
0
0
0
0
0
0x0932
0x09D2
0x0A02
0x0AA3
0x0B33
0x0BF3
0
0
0
0
0
0
0
0
0
0
0x0CD7
0x0D07
0
0
0
0
0
0
0
0
0
0
0
0
0
0
