0
0
0
0
0
0
0
0
0
0
0
0
0
0
0
0
0x12E2
0
0
0
0
0
0
0
0
0
0
0
0
0
0
0
0x1531
0
0
0
0
0
0
0
0
0
0
0
0
0
0
0
0x0A22
0x0B86
0x0C16
0x0CF6
0x0D36
0
0
0
0
0
0
0
0
0
0
0
0
0
0
0
0
0
0
0
0
0
0
0
0
0
0
0
0x0386
0
0
0
0
0
0
0
0
0
0
0
0
0
0
0
0
0
0
0
0
0
0
0
0
0
0
0
0
0
0
0
0x07E4
0
0
0
0
0
0
0
0
0
0
0
0
0
0
0
0
0
0
0
0
0
0
0
0
0
0
0
0
0
0
0
0x1D87
0
0
0
0
0
0
0
0
0
0
0
0
0
0
0
0x12E7
0x13B7
0
0
0
0
0
0
0
0
0
0
0
0
0
0
0
0
0
0
0
0
0
0
0
0
0
0
0
0
0
0
0x17B4
0
0
0
0
0
0
0
0
0
0
0
0
0
0
0
0x0821
0x0A87
0
0
0
0
0
0
0
0
0
0
0
0
0
0
0x0BB1
0x0C63
0x0D35
0
0
0
0
0
0
0
0
0
0
0
0
0
0x0FD2
0x1052
0x1245
0
0
0
0
0
0
0
0
0
0
0
0
0
