0
0
0
0
0
0
0
0
0
0
0
0
0
0
0
0
0
0
0
0
0
0
0
0
0
0
0
0
0
0
0
0
0x1B20
0
0
0
0
0
0
0
0
0
0
0
0
0
0
0
0
0
0
0
0
0
0
0
0
0
0
0
0
0
0
0
0
0
0
0
0
0
0
0
0
0
0
0
0
0
0
0
0x0891
0x0982
0x0BB6
0
0
0
0
0
0
0
0
0
0
0
0
0
0x10B5
0x11B7
0
0
0
0
0
0
0
0
0
0
0
0
0
0
0
0
0
0
0
0
0
0
0
0
0
0
0
0
0
0
0
0
0
0
0
0
0
0
0
0
0
0
0
0
0
0
0
0
0
0
0
0
0
0
0
0
0
0
0
0
0
0
0x2131
0x22E3
0
0
0
0
0
0
0
0
0
0
0
0
0
0
0
0
0
0
0
0
0
0
0
0
0
0
0
0
0
0
0
0
0
0
0
0
0
0
0
0
0
0
0
0
0
0
0x12F1
0x15B6
0
0
0
0
0
0
0
0
0
0
0
0
0
0
0x1852
0x1965
0
0
0
0
0
0
0
0
0
0
0
0
0
0
0x1A97
0
0
0
0
0
0
0
0
0
0
0
0
0
0
0
