0x1090
0x1123
0
0
0
0
0
0
0
0
0
0
0
0
0
0
0x1386
0
0
0
0
0
0
0
0
0
0
0
0
0
0
0
0x1581
0
0
0
0
0
0
0
0
0
0
0
0
0
0
0
0
0
0
0
0
0
0
0
0
0
0
0
0
0
0
0
0
0
0
0
0
0
0
0
0
0
0
0
0
0
0
0
0x01C4
0x0274
0
0
0
0
0
0
0
0
0
0
0
0
0
0
0x0593
0x0635
0x06E7
0
0
0
0
0
0
0
0
0
0
0
0
0
0x0742
0x08E7
0
0
0
0
0
0
0
0
0
0
0
0
0
0
0x1A43
0
0
0
0
0
0
0
0
0
0
0
0
0
0
0
0
0
0
0
0
0
0
0
0
0
0
0
0
0
0
0
0x1F35
0
0
0
0
0
0
0
0
0
0
0
0
0
0
0
0x0100
0x0190
0x0220
0x02B3
0x03B3
0
0
0
0
0
0
0
0
0
0
0
0x0420
0x05C2
0x0613
0x06C5
0
0
0
0
0
0
0
0
0
0
0
0
0x0790
0x0B37
0
0
0
0
0
0
0
0
0
0
0
0
0
0
0x0F37
0
0
0
0
0
0
0
0
0
0
0
0
0
0
0
0x10D2
0
0
0
0
0
0
0
0
0
0
0
0
0
0
0
