0
0
0
0
0
0
0
0
0
0
0
0
0
0
0
0
0
0
0
0
0
0
0
0
0
0
0
0
0
0
0
0
0x0927
0
0
0
0
0
0
0
0
0
0
0
0
0
0
0
0x0A93
0
0
0
0
0
0
0
0
0
0
0
0
0
0
0
0x0E10
0
0
0
0
0
0
0
0
0
0
0
0
0
0
0
0x02D6
0x0306
0
0
0
0
0
0
0
0
0
0
0
0
0
0
0
0
0
0
0
0
0
0
0
0
0
0
0
0
0
0
0
0
0
0
0
0
0
0
0
0
0
0
0
0
0
0
0
0
0
0
0
0
0
0
0
0
0
0
0
0
0
0
0
0
0
0
0
0
0
0
0
0
0
0
0
0
0
0
0x1EB6
0
0
0
0
0
0
0
0
0
0
0
0
0
0
0
0x1461
0x14F3
0
0
0
0
0
0
0
0
0
0
0
0
0
0
0x15B0
0x16C1
0x1732
0
0
0
0
0
0
0
0
0
0
0
0
0
0
0
0
0
0
0
0
0
0
0
0
0
0
0
0
0
0x0CD3
0
0
0
0
0
0
0
0
0
0
0
0
0
0
0
0x11D5
0
0
0
0
0
0
0
0
0
0
0
0
0
0
0
