0
0
0
0
0
0
0
0
0
0
0
0
0
0
0
0
0
0
0
0
0
0
0
0
0
0
0
0
0
0
0
0
0x1551
0x1734
0
0
0
0
0
0
0
0
0
0
0
0
0
0
0
0
0
0
0
0
0
0
0
0
0
0
0
0
0
0
0x0CA1
0x0D61
0x0DB2
0x0F56
0
0
0
0
0
0
0
0
0
0
0
0
0x04B7
0
0
0
0
0
0
0
0
0
0
0
0
0
0
0
0x0897
0
0
0
0
0
0
0
0
0
0
0
0
0
0
0
0x0960
0x09E4
0x0A57
0
0
0
0
0
0
0
0
0
0
0
0
0
0
0
0
0
0
0
0
0
0
0
0
0
0
0
0
0
0x2426
0x2527
0
0
0
0
0
0
0
0
0
0
0
0
0
0
0x0D97
0x0E57
0x26E1
0x2723
0x27B4
0
0
0
0
0
0
0
0
0
0
0
0x1010
0x1355
0x13E5
0x1425
0x14E5
0x1555
0x15F6
0x16D6
0x1757
0x1797
0
0
0
0
0
0
0x18C0
0x1900
0
0
0
0
0
0
0
0
0
0
0
0
0
0
0
0
0
0
0
0
0
0
0
0
0
0
0
0
0
0
0
0
0
0
0
0
0
0
0
0
0
0
0
0
0
0
0
0
0
0
0
0
0
0
0
0
0
0
0
0
0
0
