0x1180
0x1220
0x1353
0x13E5
0
0
0
0
0
0
0
0
0
0
0
0
0
0
0
0
0
0
0
0
0
0
0
0
0
0
0
0
0
0
0
0
0
0
0
0
0
0
0
0
0
0
0
0
0
0
0
0
0
0
0
0
0
0
0
0
0
0
0
0
0
0
0
0
0
0
0
0
0
0
0
0
0
0
0
0
0x04B7
0
0
0
0
0
0
0
0
0
0
0
0
0
0
0
0x0592
0x0622
0
0
0
0
0
0
0
0
0
0
0
0
0
0
0
0
0
0
0
0
0
0
0
0
0
0
0
0
0
0
0
0
0
0
0
0
0
0
0
0
0
0
0
0
0
0
0x21A2
0x23B4
0x2527
0
0
0
0
0
0
0
0
0
0
0
0
0
0x27B4
0
0
0
0
0
0
0
0
0
0
0
0
0
0
0
0x0EA0
0x1010
0x10B1
0x1355
0x1425
0x1555
0x1616
0
0
0
0
0
0
0
0
0
0x19F0
0x1AB1
0x1FB7
0
0
0
0
0
0
0
0
0
0
0
0
0
0
0
0
0
0
0
0
0
0
0
0
0
0
0
0
0
0
0
0
0
0
0
0
0
0
0
0
0
0
0
0
0
0
0
0
0
0
0
0
0
0
0
0
0
0
0
0
0
