0
0
0
0
0
0
0
0
0
0
0
0
0
0
0
0
0x12E2
0
0
0
0
0
0
0
0
0
0
0
0
0
0
0
0
0
0
0
0
0
0
0
0
0
0
0
0
0
0
0
0x0062
0
0
0
0
0
0
0
0
0
0
0
0
0
0
0
0
0
0
0
0
0
0
0
0
0
0
0
0
0
0
0
0
0
0
0
0
0
0
0
0
0
0
0
0
0
0
0
0
0
0
0
0
0
0
0
0
0
0
0
0
0
0
0
0
0
0
0
0
0
0
0
0
0
0
0
0
0
0
0
0x1943
0x1993
0
0
0
0
0
0
0
0
0
0
0
0
0
0
0x1BC0
0x1CC4
0x1D04
0x1D87
0
0
0
0
0
0
0
0
0
0
0
0
0x12E7
0x13B7
0
0
0
0
0
0
0
0
0
0
0
0
0
0
0x0010
0x00A0
0
0
0
0
0
0
0
0
0
0
0
0
0
0
0
0
0
0
0
0
0
0
0
0
0
0
0
0
0
0
0x0A36
0
0
0
0
0
0
0
0
0
0
0
0
0
0
0
0x0D35
0x0E67
0
0
0
0
0
0
0
0
0
0
0
0
0
0
0
0
0
0
0
0
0
0
0
0
0
0
0
0
0
0
