0x1280
0
0
0
0
0
0
0
0
0
0
0
0
0
0
0
0x14E2
0
0
0
0
0
0
0
0
0
0
0
0
0
0
0
0x16F2
0x17C4
0x18F6
0
0
0
0
0
0
0
0
0
0
0
0
0
0x0B57
0
0
0
0
0
0
0
0
0
0
0
0
0
0
0
0x0E22
0x1007
0
0
0
0
0
0
0
0
0
0
0
0
0
0
0x0341
0x03B3
0x0537
0x1090
0
0
0
0
0
0
0
0
0
0
0
0
0x07F3
0
0
0
0
0
0
0
0
0
0
0
0
0
0
0
0
0
0
0
0
0
0
0
0
0
0
0
0
0
0
0
0
0
0
0
0
0
0
0
0
0
0
0
0
0
0
0
0
0
0
0
0
0
0
0
0
0
0
0
0
0
0
0
0
0
0
0
0
0
0
0
0
0
0
0
0
0
0
0
0x0F60
0x0F90
0x1264
0
0
0
0
0
0
0
0
0
0
0
0
0
0x1C62
0x1CD2
0x1DD3
0x1EB6
0x1F46
0
0
0
0
0
0
0
0
0
0
0
0x0803
0
0
0
0
0
0
0
0
0
0
0
0
0
0
0
0x0B33
0x0BF3
0
0
0
0
0
0
0
0
0
0
0
0
0
0
0x0D07
0
0
0
0
0
0
0
0
0
0
0
0
0
0
0
