0
0
0
0
0
0
0
0
0
0
0
0
0
0
0
0
0x1470
0
0
0
0
0
0
0
0
0
0
0
0
0
0
0
0x1633
0
0
0
0
0
0
0
0
0
0
0
0
0
0
0
0
0
0
0
0
0
0
0
0
0
0
0
0
0
0
0
0x00A5
0x0115
0x0195
0
0
0
0
0
0
0
0
0
0
0
0
0
0x0477
0
0
0
0
0
0
0
0
0
0
0
0
0
0
0
0x06D3
0x0753
0x0875
0
0
0
0
0
0
0
0
0
0
0
0
0
0
0
0
0
0
0
0
0
0
0
0
0
0
0
0
0
0x2040
0
0
0
0
0
0
0
0
0
0
0
0
0
0
0
0
0
0
0
0
0
0
0
0
0
0
0
0
0
0
0
0x24D0
0
0
0
0
0
0
0
0
0
0
0
0
0
0
0
0x0050
0
0
0
0
0
0
0
0
0
0
0
0
0
0
0
0x0210
0x0343
0
0
0
0
0
0
0
0
0
0
0
0
0
0
0
0
0
0
0
0
0
0
0
0
0
0
0
0
0
0
0x0932
0x0AA3
0
0
0
0
0
0
0
0
0
0
0
0
0
0
0x0C54
0x0CD7
0
0
0
0
0
0
0
0
0
0
0
0
0
0
