0
0
0
0
0
0
0
0
0
0
0
0
0
0
0
0
0x1916
0x19E6
0
0
0
0
0
0
0
0
0
0
0
0
0
0
0x0047
0x1DB6
0
0
0
0
0
0
0
0
0
0
0
0
0
0
0
0
0
0
0
0
0
0
0
0
0
0
0
0
0
0
0x0551
0
0
0
0
0
0
0
0
0
0
0
0
0
0
0
0x0A14
0x0AC4
0
0
0
0
0
0
0
0
0
0
0
0
0
0
0x0D23
0x0F35
0
0
0
0
0
0
0
0
0
0
0
0
0
0
0x1342
0
0
0
0
0
0
0
0
0
0
0
0
0
0
0
0x1B33
0x1C35
0
0
0
0
0
0
0
0
0
0
0
0
0
0
0x1FE7
0
0
0
0
0
0
0
0
0
0
0
0
0
0
0
0x0027
0
0
0
0
0
0
0
0
0
0
0
0
0
0
0
0x0171
0x0293
0x0364
0x0445
0
0
0
0
0
0
0
0
0
0
0
0
0x0960
0x0FB7
0
0
0
0
0
0
0
0
0
0
0
0
0
0
0x13F2
0
0
0
0
0
0
0
0
0
0
0
0
0
0
0
0x17B1
0x1A17
0
0
0
0
0
0
0
0
0
0
0
0
0
0
0
0
0
0
0
0
0
0
0
0
0
0
0
0
0
0
