0
0
0
0
0
0
0
0
0
0
0
0
0
0
0
0
0
0
0
0
0
0
0
0
0
0
0
0
0
0
0
0
0
0
0
0
0
0
0
0
0
0
0
0
0
0
0
0
0
0
0
0
0
0
0
0
0
0
0
0
0
0
0
0
0x0BD0
0x0C50
0x0FD7
0x1007
0
0
0
0
0
0
0
0
0
0
0
0
0x1160
0
0
0
0
0
0
0
0
0
0
0
0
0
0
0
0x07F3
0
0
0
0
0
0
0
0
0
0
0
0
0
0
0
0
0
0
0
0
0
0
0
0
0
0
0
0
0
0
0
0
0
0
0
0
0
0
0
0
0
0
0
0
0
0
0
0
0
0
0
0
0
0
0
0
0
0
0
0
0
0
0
0
0
0
0
0
0
0
0
0
0
0
0
0
0
0
0
0x10B1
0x1264
0
0
0
0
0
0
0
0
0
0
0
0
0
0
0x19F0
0x1AB1
0x1C62
0x1FB7
0
0
0
0
0
0
0
0
0
0
0
0
0x0803
0
0
0
0
0
0
0
0
0
0
0
0
0
0
0
0
0
0
0
0
0
0
0
0
0
0
0
0
0
0
0
0
0
0
0
0
0
0
0
0
0
0
0
0
0
0
0
