0x1685
0
0
0
0
0
0
0
0
0
0
0
0
0
0
0
0x17A2
0x1A26
0
0
0
0
0
0
0
0
0
0
0
0
0
0
0
0
0
0
0
0
0
0
0
0
0
0
0
0
0
0
0x03A3
0x0414
0x0496
0
0
0
0
0
0
0
0
0
0
0
0
0
0
0
0
0
0
0
0
0
0
0
0
0
0
0
0
0
0x07D0
0x0B66
0
0
0
0
0
0
0
0
0
0
0
0
0
0
0
0
0
0
0
0
0
0
0
0
0
0
0
0
0
0
0
0
0
0
0
0
0
0
0
0
0
0
0
0
0
0
0
0
0
0
0
0
0
0
0
0
0
0
0
0
0
0
0x1ED4
0x1F26
0
0
0
0
0
0
0
0
0
0
0
0
0
0
0x2233
0x23D5
0
0
0
0
0
0
0
0
0
0
0
0
0
0
0x01A2
0x04B5
0
0
0
0
0
0
0
0
0
0
0
0
0
0
0x0DE4
0x0E64
0x0EC4
0x0F25
0
0
0
0
0
0
0
0
0
0
0
0
0x1140
0x1212
0x1637
0
0
0
0
0
0
0
0
0
0
0
0
0
0x16F0
0x19B7
0
0
0
0
0
0
0
0
0
0
0
0
0
0
0
0
0
0
0
0
0
0
0
0
0
0
0
0
0
0
